0.0 2.487 2.183 2.146 3.382 1.084 2.374   
2.487 0.0 1.271 3.694 1.513 3.461 2.782   
2.183 1.271 0.0 2.631 1.237 2.861 1.535   
2.146 3.694 2.631 0.0 3.72 1.551 1.404   
3.382 1.513 1.237 3.72 0.0 4.097 2.413   
1.084 3.461 2.861 1.551 4.097 0.0 2.417   
2.374 2.782 1.535 1.404 2.413 2.417 0.0   
